[Idee 2.jpg]
filters=Boost=1,52.631580;Vignette=1,35.000000,1.093567,0.000000,00000000;
moddate=0baad6d3cc21da01
width=1112
height=802
textactive=0
[Idee 1.jpg]
filters=Boost=1,50.000000;crop64=1,10280dc3edfaf2ec;
crop=rect64(10280dc3edfaf2ec)
moddate=0bdf6015cd21da01
width=412
height=372
textactive=0
[Idee 3.jpg]
filters=Boost=1,50.000000;Vignette=1,13.742690,1.508772,64.912285,ff000500;
moddate=45e41de38022da01
width=944
height=796
textactive=0
